5 3
0.00250252 1.12717 0.386608 1.61748 1.17002 0.959746 0.700583 1.79192 1.64568 1.49321 0.348216 1.71789 1.421 1.02707 0.60799 
3 4
0.0299692 0.182806 0.728904 0.294626 0.331797 1.97705 0.891385 0.238166 0.00933866 0.0178228 0.75576 1.06333 
4 6
1.14237 1.20353 1.21433 0.332469 1.32609 0.901578 0.704245 0.114078 1.21537 1.56664 1.60521 1.03977 0.6039 1.75195 1.45335 1.9118 1.85144 1.07871 0.284677 0.924161 0.470656 1.72448 0.419202 1.55931 
6 5
1.68731 1.99359 1.99939 1.223 0.784875 0.532426 0.594562 1.68029 0.0474868 0.751732 0.185247 1.35441 0.11243 0.0175787 1.83758 0.551775 0.545793 1.17582 1.38237 1.67522 1.45299 0.969878 0.410718 1.48747 0.936918 0.915922 1.89831 1.48888 0.216559 1.1981 
5 2
0.77047 1.47002 1.21793 1.14481 0.722678 0.30311 0.450209 0.850307 1.60576 1.03421 
2 5
1.97998 1.5031 0.691122 0.337962 1.31462 0.983795 0.127079 1.39952 1.00961 0.294992 
5 5
1.89917 0.283151 1.81024 1.38578 0.606098 0.853114 0.140751 1.93323 1.36637 0.306467 1.75451 1.64336 1.1641 0.382702 0.355785 1.63439 0.95053 0.311106 1.00784 1.46403 0.811182 0.55916 1.13749 1.36448 1.5117 
5 3
1.44383 0.950591 0.24604 0.735618 1.66936 0.0701926 1.03403 1.32597 0.852443 0.209357 1.89868 1.84277 1.09909 0.691977 0.943449 
3 4
0.749962 1.69396 0.633747 0.912198 0.543779 1.96594 0.595599 1.47838 1.13456 0.39198 1.52263 1.67888 
4 6
0.795312 1.0018 1.78033 0.0549333 1.98926 1.14518 0.101016 1.06265 0.388134 1.68609 1.25352 1.31523 0.395703 1.68432 0.246651 0.219855 1.48625 0.628132 1.88214 0.572161 0.672628 0.280526 1.46617 1.66924 
6 5
1.416 1.20048 1.49443 0.505448 0.288949 0.00323496 0.122013 1.61248 1.70525 0.421155 0.231208 1.10642 0.0285043 0.227546 0.909024 1.50444 1.3723 1.08689 0.147771 0.87344 0.403882 1.39244 0.580706 0.873379 0.464858 1.15574 1.06516 1.25736 0.320383 1.00827 
5 2
1.92608 1.39152 1.8496 0.379894 0.671896 0.3567 1.99036 0.914884 1.99603 0.195013 
2 5
1.25034 0.188788 0.875454 1.86303 0.0968658 1.78924 0.580035 0.454604 1.53813 0.821436 
5 5
0.403943 1.25614 1.20829 0.903226 0.932707 1.19565 1.26945 1.70959 1.65758 1.24955 1.44182 1.1315 0.750267 0.368542 1.47581 1.11026 1.81017 0.485733 0.37788 1.20945 1.39702 1.16923 0.702597 0.988922 0.160772 
5 3
1.48149 1.2241 1.24076 1.38224 1.60906 0.298227 1.15207 1.73547 1.82311 1.22941 1.45537 0.0864284 1.33555 1.95306 0.630024 
3 4
1.1384 0.611652 0.34785 0.217109 1.73809 1.70244 1.48863 0.309763 0.653829 0.158696 0.153203 1.28196 
4 6
1.64 1.09018 0.896512 0.817957 0.597491 0.93112 1.00241 0.305307 0.646077 1.476 0.627766 1.65337 1.91815 1.7467 1.45006 0.600116 1.888 0.254463 0.131474 1.56993 1.04917 1.21928 1.91223 0.144536 
6 5
1.75127 1.30772 0.644246 0.209601 1.0101 0.454176 0.580584 1.83996 1.10233 1.3256 0.229072 0.985076 0.758263 0.993622 1.58672 1.01852 0.764733 1.37632 1.0643 1.21256 0.790368 0.0117801 1.41575 0.201239 1.24613 1.72649 0.983001 1.49467 0.993805 0.760216 
5 2
1.57073 1.10562 0.714194 1.91144 1.2617 0.35316 0.748497 0.263253 1.48656 1.90344 
2 5
1.22398 0.0556658 0.659688 0.11182 1.27842 0.263253 1.69414 1.72863 1.19376 1.44328 
5 5
1.70794 0.0293588 0.252937 1.41581 1.23429 0.435133 0.131901 0.33784 1.24821 0.681967 0.638813 0.73513 1.322 1.60479 1.61376 1.05307 1.22221 1.59636 1.8012 0.289621 1.26035 0.804834 0.507401 0.27308 1.71038 
5 3
0.132328 0.855617 1.1467 0.604572 1.0961 0.451125 0.6227 0.221259 1.61608 0.269417 0.568499 1.57622 1.79046 1.57927 1.48759 
3 4
1.23045 0.722251 1.71331 0.456984 1.72716 0.458876 0.4991 1.08481 1.96966 0.107608 0.162847 1.04935 
4 6
0.853603 0.189337 0.517594 1.78307 0.465529 0.2931 0.250191 1.86328 0.160222 0.0941801 0.117435 0.672811 1.8294 0.797204 0.865566 1.89233 1.67437 1.06845 1.68419 1.38707 0.795373 0.518326 0.00866726 1.05118 
6 5
1.9096 0.797388 0.482192 1.17112 0.510269 1.36802 1.89056 0.870998 1.78045 0.0143437 1.88195 1.2031 1.57231 1.15336 0.28486 0.444655 0.766015 0.00854518 0.835841 0.164495 1.31986 1.7102 0.129704 1.62212 1.32414 1.38298 1.6054 1.06027 1.37126 0.285531 
5 2
1.37901 1.45579 1.55547 0.0621357 1.73736 1.28904 1.41313 0.170904 1.10398 1.89581 
2 5
0.117557 0.549944 0.290353 1.96356 1.23997 0.58449 1.84497 0.735069 1.38908 0.437269 
